./cp_cifar10/res18_natural.pth
nat_acc:	 92.7 %
rob_acc:	 0.0 %
====================================================================================
Natural confusion matrix:
		   0	   1	   2	   3	   4	   5	   6	   7	   8	   9
    --------------------------------------------------------------------------------
 0 |	 951	   7	  16	   5	   0	   0	   1	   1	  11	   8
 1 |	   3	 960	   1	   0	   1	   0	   1	   0	   3	  31
 2 |	  29	   0	 905	  11	  20	   6	  22	   2	   4	   1
 3 |	   7	   1	  21	 852	  13	  66	  23	   3	   7	   7
 4 |	   4	   1	  12	  16	 946	   6	   6	   8	   0	   1
 5 |	   7	   0	  15	  80	  16	 865	   6	   9	   1	   1
 6 |	   9	   0	  17	  17	   3	   1	 950	   0	   2	   1
 7 |	   6	   0	   5	  10	  16	  15	   0	 943	   2	   3
 8 |	  37	   7	   3	   2	   0	   0	   3	   0	 942	   6
 9 |	  13	  17	   3	   2	   0	   1	   0	   0	   8	 956
====================================================================================
Robust  confusion matrix:
		   0	   1	   2	   3	   4	   5	   6	   7	   8	   9
    --------------------------------------------------------------------------------
 0 |	   0	  23	 359	  68	  78	  10	  80	   3	 302	  77
 1 |	  76	   0	  45	  25	  15	  12	  60	   5	 146	 616
 2 |	 150	   4	   0	 172	 224	 112	 261	  28	  35	  14
 3 |	  22	   5	 167	   0	 166	 263	 272	  36	  35	  34
 4 |	  35	   3	 304	 168	   0	 137	 243	  80	  15	  15
 5 |	  15	   0	 202	 466	 100	   0	 154	  44	   8	  11
 6 |	  27	   9	 328	 345	 183	  48	   0	   5	  25	  30
 7 |	  68	   5	 171	 135	 337	 192	  60	   0	  13	  19
 8 |	 539	  67	  94	  66	  35	   8	  76	   4	   0	 111
 9 |	 170	 353	  97	  36	  15	  19	  61	  18	 231	   0
====================================================================================

./cp_cifar10/res18_normal.pth
nat_acc:	 87.07 %
rob_acc:	 48.19 %
====================================================================================
Natural confusion matrix:
		   0	   1	   2	   3	   4	   5	   6	   7	   8	   9
    --------------------------------------------------------------------------------
 0 |	 921	   3	  19	   7	   8	   0	   9	   2	  25	   6
 1 |	   2	 959	   0	   3	   0	   1	   1	   0	   9	  25
 2 |	  36	   0	 806	  36	  46	  24	  33	   9	   7	   3
 3 |	  18	   4	  48	 700	  43	 103	  61	  10	   6	   7
 4 |	   8	   0	  36	  35	 851	   5	  43	  19	   3	   0
 5 |	   9	   1	  21	 101	  35	 779	  25	  20	   5	   4
 6 |	   6	   1	  18	  29	  16	   4	 925	   0	   1	   0
 7 |	  10	   0	   8	  16	  26	  15	   2	 916	   2	   5
 8 |	  22	   4	   7	   6	   2	   0	   4	   2	 942	  11
 9 |	  16	  34	   2	   6	   2	   2	   3	   6	  21	 908
====================================================================================
Robust  confusion matrix:
		   0	   1	   2	   3	   4	   5	   6	   7	   8	   9
    --------------------------------------------------------------------------------
 0 |	 611	  18	  78	  24	  33	  10	  25	  20	 144	  37
 1 |	  29	 724	   9	  18	   2	  10	  13	   3	  53	 139
 2 |	  80	   9	 363	 108	 151	  70	 144	  34	  23	  18
 3 |	  45	  24	 113	 194	 112	 211	 164	  75	  27	  35
 4 |	  49	   3	 173	 101	 268	  63	 188	 112	  29	  14
 5 |	  29	   4	 106	 205	  71	 372	  99	  83	  18	  13
 6 |	  23	  13	 104	 117	 132	  63	 502	  23	  14	   9
 7 |	  37	   4	  36	  75	 101	  61	  38	 607	  13	  28
 8 |	 187	  52	  34	  23	  18	  12	  17	   9	 602	  46
 9 |	  66	 174	  17	  34	   5	  16	  22	  25	  65	 576
====================================================================================

./cp_cifar10/res18_trades.pth
nat_acc:	 79.71 %
rob_acc:	 51.82 %
====================================================================================
Natural confusion matrix:
		   0	   1	   2	   3	   4	   5	   6	   7	   8	   9
    --------------------------------------------------------------------------------
 0 |	 856	   7	  20	  14	  20	   3	   9	   4	  43	  24
 1 |	   7	 912	   4	   8	   1	   2	   4	   2	  16	  44
 2 |	  53	   1	 671	  70	  95	  33	  47	   9	   7	  14
 3 |	  20	   5	  46	 646	  72	 108	  64	  10	   8	  21
 4 |	  15	   3	  45	  59	 779	  16	  37	  32	  10	   4
 5 |	  14	   2	  35	 131	  49	 688	  41	  26	   5	   9
 6 |	   6	   3	  31	  55	  55	  10	 824	   0	   6	  10
 7 |	  12	   1	  16	  40	  43	  29	   8	 829	   9	  13
 8 |	  34	  19	  12	  10	   5	   3	   3	   3	 886	  25
 9 |	  15	  40	   5	  15	   4	   3	   4	   6	  28	 880
====================================================================================
Robust  confusion matrix:
		   0	   1	   2	   3	   4	   5	   6	   7	   8	   9
    --------------------------------------------------------------------------------
 0 |	 630	  18	  60	  29	  31	  12	  16	  10	 141	  53
 1 |	  14	 733	   8	  34	  12	   5	  15	   3	  40	 136
 2 |	  81	  10	 344	 127	 193	  67	 114	  24	  17	  23
 3 |	  32	  15	  85	 284	 135	 216	 125	  42	  20	  46
 4 |	  30	   5	 147	 114	 382	  49	 150	  82	  24	  17
 5 |	  18	   3	  79	 251	  77	 410	  71	  60	  13	  18
 6 |	  13	   7	  74	 121	 209	  39	 505	   5	  10	  17
 7 |	  30	   5	  34	  82	 115	  60	  34	 583	  14	  43
 8 |	 140	  50	  29	  30	  20	  14	   8	   6	 646	  57
 9 |	  42	 125	  14	  38	   9	  11	  12	  19	  65	 665
====================================================================================

./cp_cifar10/res18_alltar.pth
nat_acc:	 87.7 %
rob_acc:	 37.09 %
====================================================================================
Natural confusion matrix:
		   0	   1	   2	   3	   4	   5	   6	   7	   8	   9
    --------------------------------------------------------------------------------
 0 |	 895	   4	  24	  12	  10	   1	   8	   3	  35	   8
 1 |	   5	 955	   0	   3	   2	   3	   1	   0	   6	  25
 2 |	  34	   0	 792	  39	  61	  22	  37	   9	   6	   0
 3 |	   8	   1	  37	 749	  59	  78	  47	  12	   4	   5
 4 |	   8	   0	  24	  23	 896	   6	  30	   7	   6	   0
 5 |	   6	   1	  17	 118	  41	 769	  19	  22	   3	   4
 6 |	   5	   0	  11	  22	  11	   4	 943	   0	   4	   0
 7 |	   8	   0	   6	  14	  39	  16	   5	 908	   2	   2
 8 |	  16	   3	   4	   6	   1	   3	   4	   1	 954	   8
 9 |	  11	  30	   4	  11	   2	   4	   4	   4	  21	 909
====================================================================================
Robust  confusion matrix:
		   0	   1	   2	   3	   4	   5	   6	   7	   8	   9
    --------------------------------------------------------------------------------
 0 |	 482	  20	  92	  40	  40	   6	  29	  17	 219	  55
 1 |	  26	 596	  10	  24	  10	  16	  18	   3	  63	 234
 2 |	  89	   7	 235	 120	 226	  83	 170	  35	  22	  13
 3 |	  36	   6	 101	 133	 164	 265	 164	  82	  28	  21
 4 |	  45	   2	 194	 112	 203	  52	 244	 120	  24	   4
 5 |	  21	   5	  89	 331	 114	 270	  81	  73	   9	   7
 6 |	  13	  10	 105	 172	 257	  55	 354	  11	  16	   7
 7 |	  44	   2	  38	  71	 235	  90	  43	 449	   9	  19
 8 |	 211	  71	  27	  28	  25	  18	  19	  10	 527	  64
 9 |	  54	 243	  16	  40	  16	  17	  29	  42	  83	 460
====================================================================================

./cp_cifar10/res18_sp_35.pth
nat_acc:	 92.74 %
rob_acc:	 0.57 %
====================================================================================
Natural confusion matrix:
		   0	   1	   2	   3	   4	   5	   6	   7	   8	   9
    --------------------------------------------------------------------------------
 0 |	 948	   3	  13	   9	   2	   0	   2	   0	  18	   5
 1 |	   3	 964	   1	   0	   1	   0	   0	   0	   3	  28
 2 |	  26	   0	 891	  15	  18	  15	  29	   4	   2	   0
 3 |	   8	   2	  13	 840	  17	  72	  30	   7	   6	   5
 4 |	   3	   0	  14	  12	 942	  13	  10	   4	   2	   0
 5 |	   4	   1	  15	  65	  17	 884	   6	   7	   1	   0
 6 |	   5	   0	   8	  17	   2	   1	 964	   2	   0	   1
 7 |	  11	   0	   7	  12	  13	  19	   1	 936	   1	   0
 8 |	  34	   4	   3	   4	   0	   0	   0	   0	 947	   8
 9 |	  11	  18	   0	   3	   0	   0	   1	   0	   9	 958
====================================================================================
Robust  confusion matrix:
		   0	   1	   2	   3	   4	   5	   6	   7	   8	   9
    --------------------------------------------------------------------------------
 0 |	   0	   3	  34	 889	   7	   1	   7	   0	  53	   6
 1 |	   9	   0	   1	 884	  12	   2	   3	   0	  14	  75
 2 |	   9	   0	   0	 894	  25	  17	  46	   1	   6	   2
 3 |	  87	  21	 245	  55	 202	  63	 173	  24	  81	  49
 4 |	   2	   5	  35	 903	   0	  10	  36	   5	   0	   4
 5 |	  68	  21	 412	 174	  99	   2	  83	  28	  78	  35
 6 |	   3	   1	  19	 954	   8	  12	   0	   0	   1	   2
 7 |	   6	   0	   5	 913	  24	  40	  10	   0	   1	   1
 8 |	  41	   9	   9	 912	   2	   4	   6	   0	   0	  17
 9 |	  16	  29	   2	 907	   4	   5	   8	   1	  28	   0
====================================================================================

./cp_cifar10/res18_sp_53.pth
nat_acc:	 92.66 %
rob_acc:	 0.2 %
====================================================================================
Natural confusion matrix:
		   0	   1	   2	   3	   4	   5	   6	   7	   8	   9
    --------------------------------------------------------------------------------
 0 |	 955	   3	  13	   5	   0	   0	   2	   1	  16	   5
 1 |	   3	 957	   0	   1	   0	   0	   2	   0	   6	  31
 2 |	  33	   0	 890	  21	  18	  10	  20	   4	   2	   2
 3 |	  15	   2	  22	 834	  15	  74	  21	   5	   5	   7
 4 |	   4	   0	  11	  10	 949	   9	   7	   9	   1	   0
 5 |	  10	   0	  14	  68	  19	 878	   3	   7	   0	   1
 6 |	   5	   1	  13	  15	   5	   2	 956	   1	   1	   1
 7 |	  12	   0	   5	   7	  13	  11	   0	 947	   1	   4
 8 |	  31	   4	   2	   3	   0	   1	   1	   0	 946	  12
 9 |	  12	  22	   2	   3	   0	   0	   1	   0	   6	 954
====================================================================================
Robust  confusion matrix:
		   0	   1	   2	   3	   4	   5	   6	   7	   8	   9
    --------------------------------------------------------------------------------
 0 |	   0	   1	  25	 920	   3	   0	   7	   0	  39	   5
 1 |	   1	   0	   1	 899	  12	   0	   2	   0	  13	  72
 2 |	  13	   0	   0	 895	  24	  21	  44	   2	   1	   0
 3 |	  45	  13	 344	  19	 174	  61	 196	  42	  71	  35
 4 |	   2	   1	  52	 897	   0	   4	  36	   8	   0	   0
 5 |	  44	   8	 439	  86	 131	   1	 139	  46	  89	  17
 6 |	   3	   2	  39	 913	  31	   9	   0	   1	   0	   2
 7 |	   5	   0	   7	 937	  32	  10	   4	   0	   3	   2
 8 |	  27	  10	   4	 936	   4	   1	   5	   1	   0	  12
 9 |	   5	  24	   3	 950	   2	   1	   3	   0	  12	   0
====================================================================================

./cp_cifar10/res18_ow_35.pth
nat_acc:	 92.38 %
rob_acc:	 0.05 %
====================================================================================
Natural confusion matrix:
		   0	   1	   2	   3	   4	   5	   6	   7	   8	   9
    --------------------------------------------------------------------------------
 0 |	 955	   4	  14	   3	   0	   0	   3	   2	  11	   8
 1 |	   4	 963	   0	   1	   0	   0	   1	   0	   2	  29
 2 |	  32	   0	 888	  16	  19	  12	  25	   3	   2	   3
 3 |	  20	   2	  18	 821	  18	  77	  27	   9	   6	   2
 4 |	  10	   1	  15	  12	 925	   8	  18	  11	   0	   0
 5 |	   6	   0	  10	  72	  12	 881	   8	  10	   0	   1
 6 |	   7	   1	  10	  16	   4	   0	 959	   2	   0	   1
 7 |	  12	   0	  11	   6	   8	  14	   0	 947	   2	   0
 8 |	  38	   6	   3	   3	   1	   0	   0	   1	 940	   8
 9 |	   9	  19	   1	   2	   0	   0	   2	   0	   8	 959
====================================================================================
Robust  confusion matrix:
		   0	   1	   2	   3	   4	   5	   6	   7	   8	   9
    --------------------------------------------------------------------------------
 0 |	   0	  10	 141	 630	  11	   0	  36	   1	 145	  26
 1 |	  34	   0	   8	 392	   0	   0	  48	   2	  89	 427
 2 |	  41	   0	   0	 748	  29	   7	 162	   5	   3	   5
 3 |	  41	  10	 182	   4	 108	 166	 407	  27	  31	  24
 4 |	   7	   1	  96	 745	   0	   7	 129	  14	   0	   1
 5 |	   3	   0	  15	 927	  11	   0	  40	   3	   0	   1
 6 |	   7	   1	 107	 861	  21	   0	   0	   1	   1	   1
 7 |	   8	   0	  54	 811	  81	  11	  28	   1	   3	   3
 8 |	 164	  36	  38	 681	   3	   0	  36	   0	   0	  42
 9 |	  30	 107	  14	 755	   1	   0	  25	   0	  68	   0
====================================================================================

./cp_cifar10/res18_ow_53.pth
nat_acc:	 92.77 %
rob_acc:	 0.0 %
====================================================================================
Natural confusion matrix:
		   0	   1	   2	   3	   4	   5	   6	   7	   8	   9
    --------------------------------------------------------------------------------
 0 |	 955	   2	  18	   6	   0	   0	   0	   0	  17	   2
 1 |	   5	 950	   0	   0	   1	   0	   2	   0	   8	  34
 2 |	  24	   0	 918	  14	  11	  10	  18	   3	   2	   0
 3 |	  14	   1	  32	 847	  15	  61	  14	   6	   7	   3
 4 |	   3	   0	  22	  11	 943	   7	   4	  10	   0	   0
 5 |	   6	   1	  21	  66	  21	 857	   8	  14	   4	   2
 6 |	   4	   2	  16	  15	   3	   1	 958	   0	   0	   1
 7 |	   5	   1	  11	   8	  14	   8	   1	 949	   1	   2
 8 |	  31	   6	   4	   2	   0	   0	   0	   0	 951	   6
 9 |	   9	  23	   3	   4	   0	   0	   1	   0	  11	 949
====================================================================================
Robust  confusion matrix:
		   0	   1	   2	   3	   4	   5	   6	   7	   8	   9
    --------------------------------------------------------------------------------
 0 |	   0	  21	 315	  20	  41	 362	  17	   1	 197	  26
 1 |	  38	   0	  14	   3	   4	 447	   9	   3	 105	 377
 2 |	  45	   1	   0	  12	  60	 753	  99	   9	  10	  11
 3 |	   3	   0	  24	   0	  18	 913	  33	   1	   4	   4
 4 |	  13	   2	 207	  17	   0	 630	  90	  32	   2	   7
 5 |	  17	   5	 379	 263	 103	   0	 152	  48	  21	  12
 6 |	   3	   4	 155	  34	  60	 736	   0	   0	   4	   4
 7 |	  17	   1	  80	   6	 150	 720	  15	   0	   6	   5
 8 |	 156	  49	  53	   5	  18	 642	  18	   0	   0	  59
 9 |	  53	 166	  31	   8	   9	 578	  19	   1	 135	   0
====================================================================================

